17/07/14 17:37
プロジェクトの翻訳状況

            	 分節数	  単語数	文字数（空白を除く）	文字数（空白を含む）	ファイル数	
合計：         	6470	81743	    459568	    535078	    4	
未翻訳：        	2521	26437	    148936	    173223	    4	
繰り返しを除いた：   	3285	51693	    289133	    337342	    3	
繰り返しを除いた未翻訳：	1603	25421	    142158	    165847	    3	


ファイルごとの翻訳状況：

ファイル名                                              	すべての分節数	未翻訳分節数	繰り返しを除いた分節数	繰り返しを除いた未翻訳分節数	すべての単語数	未翻訳単語数	繰り返しを除いた単語数	繰り返しを除いた未翻訳単語数	すべての文字数（空白を除く）	未翻訳文字数（空白を除く）	繰り返しを除いた文字数（空白を除く）	繰り返しを除いた未翻訳文字数（空白を除く）	すべての文字数（空白を含む）	未翻訳文字数（空白を含む）	繰り返しを除いた文字数（空白を含む）	繰り返しを除いた未翻訳文字数（空白を含む）	
Open_Source_Compliance_in_the_Enterprise_2016-1.txt	   1120	   268	        971	           150	  13562	   559	      13476	           555	         76961	         3407	             76393	                 3285	         89496	         3812	             88867	                 3690	
Open_Source_Compliance_in_the_Enterprise_2016-2.txt	   1112	   220	        898	            37	  13687	   216	      13517	           166	         76383	         1709	             75209	                 1342	         89023	         1811	             87762	                 1444	
Open_Source_Compliance_in_the_Enterprise_2016.docx 	   2006	  1545	       1416	          1416	  27245	 24887	      24700	         24700	        152880	       138704	            137531	               137531	        178040	       161977	            160713	               160713	
Open_Source_Compliance_in_the_Enterprise_2016.txt  	   2232	   488	          0	             0	  27249	   775	          0	             0	        153344	         5116	                 0	                    0	        178519	         5623	                 0	                    0	
