17/06/30 17:38
プロジェクトの翻訳状況

            	 分節数	  単語数	文字数（空白を除く）	文字数（空白を含む）	ファイル数	
合計：         	6470	81743	    459568	    535078	    4	
未翻訳：        	2559	27133	    152761	    177698	    4	
繰り返しを除いた：   	3285	51693	    289133	    337342	    3	
繰り返しを除いた未翻訳：	1621	25763	    144030	    168039	    3	


ファイルごとの翻訳状況：

ファイル名                                              	すべての分節数	未翻訳分節数	繰り返しを除いた分節数	繰り返しを除いた未翻訳分節数	すべての単語数	未翻訳単語数	繰り返しを除いた単語数	繰り返しを除いた未翻訳単語数	すべての文字数（空白を除く）	未翻訳文字数（空白を除く）	繰り返しを除いた文字数（空白を除く）	繰り返しを除いた未翻訳文字数（空白を除く）	すべての文字数（空白を含む）	未翻訳文字数（空白を含む）	繰り返しを除いた文字数（空白を含む）	繰り返しを除いた未翻訳文字数（空白を含む）	
Open_Source_Compliance_in_the_Enterprise_2016-1.txt	   1120	   286	        971	           168	  13562	   901	      13476	           897	         76961	         5279	             76393	                 5157	         89496	         6004	             88867	                 5882	
Open_Source_Compliance_in_the_Enterprise_2016-2.txt	   1112	   220	        898	            37	  13687	   216	      13517	           166	         76383	         1709	             75209	                 1342	         89023	         1811	             87762	                 1444	
Open_Source_Compliance_in_the_Enterprise_2016.docx 	   2006	  1547	       1416	          1416	  27245	 24899	      24700	         24700	        152880	       138785	            137531	               137531	        178040	       162068	            160713	               160713	
Open_Source_Compliance_in_the_Enterprise_2016.txt  	   2232	   506	          0	             0	  27249	  1117	          0	             0	        153344	         6988	                 0	                    0	        178519	         7815	                 0	                    0	
